function data = data69_ga(a)
global errtol busnum basemva basevoltage busga linedat Gen_formno Slimit
data=a;
errtol = 1e-5;
busnum = 69;
basemva = 100;
basevoltage = 12.66;
busga =  [  1     1	1.00000	0.00000	0.00000	0.00000	0.00000	0.00000	   0.00	0.00	300.00000	-300.00000	0.00000
            2     0	1.00000	0.00000	0.00000	0.00000	0.00000	0.00000	   0.00	0.00	0.00000	0.00000	0.00000;     
            3     0	1.00000	0.00000	0.00000	0.00000	0.00000	0.00000	   0.00	0.00	0.00000	0.00000	0.00000;     
            4     0	1.00000	0.00000	0.00000	0.00000	0.00000	0.00000	   0.00	0.00	0.00000	0.00000	0.00000;     
            5     0	1.00000	0.00000	0.00000	0.00000	0.00000	0.00000	   0.00	0.00	0.00000	0.00000	0.00000;     
            6     0	1.00000	0.00000	0.00000	0.00000	0.00260	0.00220	   0.00	0.00	0.00000	0.00000	0.00000;     
            7     0	1.00000	0.00000	0.00000	0.00000	0.04040	0.03000	   0.00	0.00	0.00000	0.00000	0.00000;     
            8     0	1.00000	0.00000	0.00000	0.00000	0.07500	0.05400	   0.00	0.00	0.00000	0.00000	0.00000;     
            9     0	1.00000	0.00000	0.00000	0.00000	0.03000	0.02200	   0.00	0.00	0.00000	0.00000	0.00000;     
            10     0	1.00000	0.00000	0.00000	0.00000	0.02800	0.01900	   0.00	0.00	0.00000	0.00000	0.00000;     
            11     0	1.00000	0.00000	0.00000	0.00000	0.14500	0.10400	   0.00	0.00	0.00000	0.00000	0.00000;     
            12     0	1.00000	0.00000	0.00000	0.00000	0.14500	0.10400	   0.00	0.00	0.00000	0.00000	0.00000;     
            13     0	1.00000	0.00000	0.00000	0.00000	0.00800	0.00550	   0.00	0.00	0.00000	0.00000	0.00000;     
            14     0	1.00000	0.00000	0.00000	0.00000	0.00800	0.00550	   0.00	0.00	0.00000	0.00000	0.00000;     
            15     0	1.00000	0.00000	0.00000	0.00000	0.00000	0.00000	   0.00	0.00	0.00000	0.00000	0.00000;     
            16     0	1.00000	0.00000	0.00000	0.00000	0.04550	0.03000	   0.00	0.00	0.00000	0.00000	0.00000;    
            17     0	1.00000	0.00000	0.00000	0.00000	0.06000	0.03500	   0.00	0.00	0.00000	0.00000	0.00000;     
            18     0	1.00000	0.00000	0.00000	0.00000	0.06000	0.03500	   0.00	0.00	0.00000	0.00000	0.00000;     
            19     0	1.00000	0.00000	0.00000	0.00000	0.00000	0.00000	   0.00	0.00	0.00000	0.00000	0.00000;     
            20     0	1.00000	0.00000	0.00000	0.00000	0.00100	0.00060	   0.00	0.00	0.00000	0.00000	0.00000;     
            21     0	1.00000	0.00000	0.00000	0.00000	0.11400	0.08100	   0.00	0.00	0.00000	0.00000	0.00000;     
            22     0	1.00000	0.00000	0.00000	0.00000	0.00530	0.00350	   0.00	0.00	0.00000	0.00000	0.00000;     
            23     0	1.00000	0.00000	0.25000	0.00000	0.00000	0.00000	   0.00	0.00	0.00000	0.00000	0.00000;     
            24     0	1.00000	0.00000	0.00000	0.00000	0.02800	0.02000	   0.00	0.00	0.00000	0.00000	0.00000;     
            25     0	1.00000	0.00000	0.00000	0.00000	0.00000	0.00000	   0.00	0.00	0.00000	0.00000	0.00000;     
            26     0	1.00000	0.00000	0.00000	0.00000	0.01400	0.01000	   0.00	0.00	0.00000	0.00000	0.00000;     
            27     0	1.00000	0.00000	0.00000	0.00000	0.01400	0.01000	   0.00	0.00	0.00000	0.00000	0.00000;     
            28     0	1.00000	0.00000	0.00000	0.00000	0.02600	0.01850	   0.00	0.00	0.00000	0.00000	0.00000;     
            29     0	1.00000	0.00000	0.00000	0.00000	0.02600	0.01850	   0.00	0.00	0.00000	0.00000	0.00000;     
            30     0	1.00000	0.00000	0.00000	0.00000	0.00000	0.00000	   0.00	0.00	0.00000	0.00000	0.00000;     
            31     0	1.00000	0.00000	0.00000	0.00000	0.00000	0.00000	   0.00	0.00	0.00000	0.00000	0.00000;     
            32     0	1.00000	0.00000	0.00000	0.00000	0.00000	0.00000	   0.00	0.00	0.00000	0.00000	0.00000;     
            33     0	1.00000	0.00000	0.00000	0.00000	0.01400	0.01000	   0.00	0.00	0.00000	0.00000	0.00000;     
            34     0	1.00000	0.00000	0.00000	0.00000	0.01950	0.01400	   0.00	0.00	0.00000	0.00000	0.00000;     
            35     0	1.00000	0.00000	0.00000	0.00000	0.00600	0.00400	   0.00	0.00	0.00000	0.00000	0.00000;     
            36     0	1.00000	0.00000	0.00000	0.00000	0.02600	0.01860	   0.00	0.00	0.00000	0.00000	0.00000;     
            37     0	1.00000	0.00000	0.00000	0.00000	0.02600	0.01860	   0.00	0.00	0.00000	0.00000	0.00000;     
            38     0	1.00000	0.00000	0.00000	0.00000	0.00000	0.00000	   0.00	0.00	0.00000	0.00000	0.00000;     
            39     0	1.00000	0.00000	0.00000	0.00000	0.02400	0.01700	   0.00	0.00	0.00000	0.00000	0.00000;     
            40     0	1.00000	0.00000	0.00000	0.00000	0.02400	0.01700	   0.00	0.00	0.00000	0.00000	0.00000;     
            41     0	1.00000	0.00000	0.00000	0.00000	0.00120	0.00100	   0.00	0.00	0.00000	0.00000	0.00000;     
            42     0	1.00000	0.00000	0.00000	0.00000	0.00000	0.00000	   0.00	0.00	0.00000	0.00000	0.00000;     
            43     0	1.00000	0.00000	0.00000	0.00000	0.00600	0.00430	   0.00	0.00	0.00000	0.00000	0.00000;     
            44     0	1.00000	0.00000	0.00000	0.00000	0.00000	0.00000	   0.00	0.00	0.00000	0.00000	0.00000;     
            45     0	1.00000	0.00000	0.00000	0.00000	0.03920	0.02630	   0.00	0.00	0.00000	0.00000	0.00000;     
            46     0	1.00000	0.00000	0.00000	0.00000	0.03920	0.02630	   0.00	0.00	0.00000	0.00000	0.00000;     
            47     0	1.00000	0.00000	0.00000	0.00000	0.00000	0.00000	   0.00	0.00	0.00000	0.00000	0.00000;     
            48     0	1.00000	0.00000	0.00000	0.00000	0.07900	0.05640	   0.00	0.00	0.00000	0.00000	0.00000;     
            49     0	1.00000	0.00000	0.00000	0.00000	0.38470	0.27450	   0.00	0.00	0.00000	0.00000	0.00000;     
            50     0	1.00000	0.00000	0.00000	0.00000	0.38470	0.27450	   0.00	0.00	0.00000	0.00000	0.00000;     
            51     0	1.00000	0.00000	0.00000	0.00000	0.04050	0.02830	   0.00	0.00	0.00000	0.00000	0.00000;     
            52     0	1.00000	0.00000	0.00000	0.00000	0.00360	0.00270	   0.00	0.00	0.00000	0.00000	0.00000;    
            53     0	1.00000	0.00000	0.00000	0.00000	0.00430	0.00350	   0.00	0.00	0.00000	0.00000	0.00000;     
            54     0	1.00000	0.00000	0.00000	0.00000	0.02640	0.01900	   0.00	0.00	0.00000	0.00000	0.00000;     
            55     0	1.00000	0.00000	0.00000	0.00000	0.02400	0.01720	   0.00	0.00	0.00000	0.00000	0.00000;     
            56     0	1.00000	0.00000	0.00000	0.00000	0.00000	0.00000	   0.00	0.00	0.00000	0.00000	0.00000;     
            57     0	1.00000	0.00000	0.00000	0.00000	0.00000	0.00000	   0.00	0.00	0.00000	0.00000	0.00000;     
            58     0	1.00000	0.00000	0.00000	0.00000	0.00000	0.00000	   0.00	0.00	0.00000	0.00000	0.00000;     
            59     0	1.00000	0.00000	0.00000	0.00000	0.10000	0.07200	   0.00	0.00	0.00000	0.00000	0.00000;     
            60     0	1.00000	0.00000	0.00000	0.00000	0.00000	0.00000	   0.00	0.00	0.00000	0.00000	0.00000;     
            61     0	1.00000	0.00000	0.00000	0.00000	1.24400	0.88800	   0.00	0.00	0.00000	0.00000	0.00000;     
            62     0	1.00000	0.00000	0.00000	0.00000	0.03200	0.02300	   0.00	0.00	0.00000	0.00000	0.00000;     
            63     0	1.00000	0.00000	0.00000	0.00000	0.00000	0.00000	   0.00	0.00	0.00000	0.00000	0.00000;     
            64     0	1.00000	0.00000	0.00000	0.00000	0.22700	0.16200	   0.00	0.00	0.00000	0.00000	0.00000;     
            65     0	1.00000	0.00000	0.00000	0.00000	0.05900	0.04200	   0.00	0.00	0.00000	0.00000	0.00000;     
            66     0	1.00000	0.00000	0.00000	0.00000	0.01800	0.01300	   0.00	0.00	0.00000	0.00000	0.00000;     
            67     0	1.00000	0.00000	0.00000	0.00000	0.01800	0.01300	   0.00	0.00	0.00000	0.00000	0.00000;     
            68     0	1.00000	0.00000	0.00000	0.00000	0.02800	0.02000	   0.00	0.00	0.00000	0.00000	0.00000;     
            69     0	1.00000	0.00000	0.00000	0.00000	0.02800	0.02000	   0.00	0.00	0.00000	0.00000	0.00000];

